* 1 Meadows.
4 6
12 91 24 11 10 42
11 10 86 78 42 51
15 24 65 94 32 82
23 45 67 13 61 76
11 14 52 90 12 15
80 45 34 21 80 97
22 79 18 73 91 3
19 8 13 78 92 16
* 2 Lakevostok.
3 5
43 45 24 11 10
23 11 86 78 42
45 24 65 94 31
76 45 33 21 19
15 26 35 45 24
44 12 66 65 22
* 3 Capecod.
2 2
84 134
38 192
42 88
91 199
* 4 Devil Sea.
4 4
88 912 82 94
81 93 81 833
39 11 88 923
193 242 600 38
829 373 46 29
32 944 728 43
88 299 44 77
33 77 99 225
* 5 Crystal Peak.
3 3
88 338 44
229 88 33
42 55 134
359 28 456
234 662 99
33 682 924
* 6 Yosemite.
2 2
135 92
838 35
22 88
45 92
* 7 Chocolate Hills.
4 5
29 833 71 844 92
39 282 744 84 99
338 274 923 74 92
288 722 59 212 44
722 95 24 63 14
38 272 942 42 245
228 442 559 275 9
22 844 922 756 24
* 8 Klencory.
2 4
39 23 855 25
239 48 25 44
239 24 77 53
21 44 66 33
* 9 Greenchestnut.
8 12
729 84 823 95 82 944 822 99 336 47 24 77
113 992 284 623 83 774 92 74 955 274 92 882
28 944 77 99 115 93 922 259 482 942 894 52
93 828 778 24 582 892 488 291 38 92 191 522
281 918 42 88 93 88 134 99 77 224 55 88
28 343 356 263 743 743 656 773 634 634 234 116
564 234 634 234 774 822 527 452 754 748 26 277
346 377 357 375 847 745 732 84 734 745 223 457
34 643 736 735 43 787 734 263 656 357 768 634
281 918 42 88 93 88 134 99 77 224 55 88
28 343 356 263 743 743 656 773 634 634 234 473
774 114 674 534 544 72 27 452 544 78 716 773
786 487 577 85 337 35 682 44 622 732 23 579
34 643 736 735 43 787 734 263 656 357 768 649
57 346 236 635 93 157 84 33 68 47 76 427
34 77 743 355 93 87 44 83 566 357 235 834